001 000 226 007 000 000 000 000 000 000 044 000 000 000 000 000
000 000 000 000 000 000 000 000 000 000 226 007 000 000 000 000
000 000 000 000 003 014 002 004 001 001 003 012 002 004 001 001
000 001 003 012 002 004 001 001 000 001 003 011 002 004 001 001
000 002 003 011 002 004 001 001 000 002 003 010 002 004 001 001
000 003 003 010 002 004 001 001 000 003 003 010 002 004 001 001
000 003 003 010 002 004 001 001 000 003 003 007 002 004 001 001
000 004 003 007 002 004 001 001 000 004 003 006 002 004 001 001
000 005 003 006 002 004 001 001 000 005 003 006 002 004 001 001
000 005 003 012 002 004 001 001 000 001 003 011 002 004 001 001
000 002 003 010 002 004 001 001 000 003 003 010 002 004 001 001
000 003 003 010 002 004 001 001 000 003 003 007 002 004 001 001
000 004 003 007 002 004 001 001 000 004 003 007 002 004 001 001
000 004 003 006 002 004 001 001 000 005 003 006 002 004 001 001
000 005 003 006 002 004 001 001 000 005 003 005 002 004 001 001
000 006 003 005 002 004 001 001 000 006 003 005 002 004 001 001
000 006 003 011 002 004 001 001 000 002 003 010 002 004 001 001
000 003 003 007 002 004 001 001 000 004 003 007 002 004 001 001
000 004 003 006 002 004 001 001 000 005 003 006 002 004 001 001
000 005 003 006 002 004 001 001 000 005 003 006 002 004 001 001
000 005 003 005 002 004 001 001 000 006 003 005 002 004 001 001
000 006 003 005 002 004 001 001 000 006 003 004 002 004 001 001
000 007 003 004 002 004 001 001 000 007 003 004 002 004 001 001
000 007 003 010 002 004 001 001 000 003 003 007 002 004 001 001
000 004 003 006 002 004 001 001 000 005 003 006 002 004 001 001
000 005 003 006 002 004 001 001 000 005 003 005 002 004 001 001
000 006 003 005 002 004 001 001 000 006 003 005 002 004 001 001
000 006 003 004 002 004 001 001 000 007 003 004 002 004 001 001
000 007 003 004 002 004 001 001 000 007 003 003 002 004 001 001
000 010 003 003 002 004 001 001 000 010 003 003 002 004 001 001
000 010 003 007 002 004 001 001 000 004 003 006 002 004 001 001
000 005 003 006 002 004 001 001 000 005 003 005 002 004 001 001
000 006 003 005 002 004 001 001 000 006 003 005 002 004 001 001
000 006 003 004 002 004 001 001 000 007 003 004 002 004 001 001
000 007 003 004 002 004 001 001 000 007 003 003 002 004 001 001
000 010 003 003 002 004 001 001 000 010 003 003 002 004 001 001
000 010 003 007 002 004 001 001 000 004 003 006 002 004 001 001
000 005 003 005 002 004 001 001 000 006 003 005 002 004 001 001
000 006 003 004 002 004 001 001 000 007 003 004 002 004 001 001
000 007 003 004 002 004 001 001 000 007 003 004 002 004 001 001
000 007 003 003 002 004 001 001 000 010 003 003 002 004 001 001
000 010 003 002 002 004 001 001 000 011 003 002 002 004 001 001
000 011 003 002 002 004 001 001 000 011 003 002 002 004 001 001
000 011 003 006 002 004 001 001 000 005 003 005 002 004 001 001
000 006 003 005 002 004 001 001 000 006 003 004 002 004 001 001
000 007 003 004 002 004 001 001 000 007 003 003 002 004 001 001
000 010 003 003 002 004 001 001 000 010 003 003 002 004 001 001
000 010 003 003 002 004 001 001 000 010 003 002 002 004 001 001
000 011 003 002 002 004 001 001 000 011 003 002 002 004 001 001
000 011 003 001 002 004 001 001 000 012 003 001 002 004 001 001
000 012 003 002 002 004 001 001 000 011 003 002 002 004 001 001
000 011 003 006 002 004 001 001 000 005 003 005 002 004 001 001
000 006 003 004 002 004 001 001 000 007 003 003 002 004 001 001
000 010 003 003 002 004 001 001 000 010 003 003 002 004 001 001
000 010 003 003 002 004 001 001 000 010 003 002 002 004 001 001
000 011 003 002 002 004 001 001 000 011 003 002 002 004 001 001
000 011 003 001 002 004 001 001 000 012 003 001 002 004 001 001
000 012 003 001 002 004 001 001 000 012 003 001 002 004 001 001
000 012 003 005 002 004 001 001 000 006 003 004 002 004 001 001
000 007 003 003 002 004 001 001 000 010 003 003 002 004 001 001
000 010 003 003 002 004 001 001 000 010 003 002 002 004 001 001
000 011 003 002 002 004 001 001 000 011 003 002 002 004 001 001
000 011 003 001 002 004 001 001 004 001 000 011 003 001 002 004
001 001 000 012 003 001 002 004 001 001 000 012 002 004 001 001
000 013 002 004 001 001 000 013 002 004 001 001 000 013 002 004
001 001 000 013 002 004 001 001 000 013 003 004 002 004 001 001
000 007 003 004 002 004 001 001 000 007 003 003 002 004 001 001
000 010 003 002 002 004 001 001 000 011 003 002 002 004 001 001
000 011 003 002 002 004 001 001 000 011 003 002 002 004 001 001
000 011 003 001 002 004 001 001 000 012 003 001 002 004 001 001
000 012 003 001 002 004 001 001 000 012 002 004 001 001 000 013
002 004 001 001 000 013 002 004 001 001 000 013 002 004 001 001
000 013 002 004 001 001 000 013 002 004 001 001 000 013 003 004
002 004 001 001 000 007 003 003 002 004 001 001 000 010 003 003
002 004 001 001 000 010 003 002 002 004 001 001 000 011 003 002
002 004 001 001 000 011 003 001 002 004 001 001 000 012 003 001
002 004 001 001 000 012 003 001 002 004 001 001 000 012 003 001
002 004 001 001 000 012 002 004 001 001 000 013 002 004 001 001
000 013 002 004 001 001 000 013 002 004 001 001 000 013 002 004
001 001 000 013 002 004 001 001 000 013 002 004 001 001 000 013
003 004 002 004 001 001 000 007 003 003 002 004 001 001 000 010
003 002 002 004 001 001 000 011 003 002 002 004 001 001 000 011
003 001 002 004 001 001 000 012 003 001 002 004 001 001 000 012
003 001 002 004 001 001 000 012 002 004 001 001 000 013 002 004
001 001 000 013 002 004 001 001 000 013 002 004 001 001 000 013
002 004 001 001 000 013 002 003 001 001 000 014 002 003 001 001
000 014 002 003 001 001 000 014 002 003 001 001 000 014 003 004
002 004 001 001 000 007 003 003 002 004 001 001 000 010 003 002
002 004 001 001 000 011 003 002 002 004 001 001 000 011 003 001
002 004 001 001 000 012 003 001 002 004 001 001 000 012 002 004
001 001 000 013 002 004 001 001 000 013 002 004 001 001 000 013
002 004 001 001 000 013 002 004 001 001 000 013 002 004 001 001
000 013 002 003 001 001 000 014 002 003 001 001 000 014 002 003
001 001 000 014 002 003 001 001 000 014 003 003 002 004 001 001
000 010 003 003 002 004 001 001 000 010 003 002 002 004 001 001
000 011 003 001 002 004 001 001 000 012 003 001 002 004 001 001
000 012 002 004 001 001 000 013 002 004 001 001 000 013 002 004
001 001 000 013 002 004 001 001 000 013 002 004 001 001 000 013
002 004 001 001 000 013 002 004 001 001 000 013 002 003 001 001
000 014 002 003 001 001 000 014 002 003 001 001 000 014 002 003
001 001 000 014 003 003 002 004 001 001 000 010 003 003 002 004
001 001 000 010 003 002 002 004 001 001 000 011 003 001 002 004
001 001 000 012 003 001 002 004 001 001 000 012 002 004 001 001
000 013 002 004 001 001 000 013 002 003 001 001 000 014 002 004
001 001 000 013 002 004 001 001 000 013 002 003 001 001 000 014
002 003 001 001 000 014 002 003 001 001 000 014 002 003 001 001
000 014 002 003 001 001 000 014 002 003 001 001 000 014 003 003
002 004 001 001 000 010 003 002 002 004 001 001 000 011 003 002
002 004 001 001 000 011 003 001 002 004 001 001 000 012 002 004
001 001 000 013 002 004 001 001 000 013 002 003 001 001 000 014
002 003 001 001 000 014 002 003 001 001 000 014 002 003 001 001
000 014 002 003 001 001 000 014 002 003 001 001 000 014 002 003
001 001 000 014 002 002 001 001 000 015 002 002 001 001 000 015
002 002 001 001 000 015 276 276 276 276 276 276 276 276 276 276
276 276 276 276 276 276 276 276 276 276 276 276 276 276 276 276
276 276 276 276 276 276 276 276 276 276
